%YAML:1.0
---
model_type: POLYFISHEYE
camera_name: image_down_opencv
image_width: 1280
image_height: 1024
projection_parameters:
   k2: -7.0701768791468092e-03
   k3: 4.4135428989441469e-03
   k4: -3.5003954225374711e-03
   k5: -1.2192898034056425e-02
   k6: 1.2874703152833927e-02
   k7: -4.1069775254181625e-03
   p1: 0.
   p2: 0.
   A11: 2.4815953387832204e+02
   A12: -6.0253157649246991e-02
   A22: 2.4812028721171239e+02
   u0: 6.5415823455576015e+02
   v0: 4.8616288019703165e+02
   isFast: 1
   numDiff: 3000
   maxIncidentAngle: 125
