%YAML:1.0
---
model_type: VIGNETTING
image_width: 1280
image_height: 1024
center_x: 6.5408111147904071e+02
center_y: 4.7746843926436100e+02
is_color_cam: 0
channel: 1
vignetting_parameters:
   channel0:
      k0: 6.2147871482184605e+01
      k1: -5.5718130784732617e-05
      k2: -1.5205586178262080e-10
      k3: 0.
